,WL_mm,x,y
0,7.1,28.381559844999998,40.137215209999994
1,7.1,28.38143757207895,40.13715234020114
2,7.1,28.381570362232527,40.13717089788286
3,7.1,28.381448085,40.137108025
4,7.1,28.381580867767475,40.13712658211713
5,7.1,28.38145859792105,40.13706370979885
6,7.1,28.381591385,40.13708226999999
7,7.1,28.38146911207895,40.13701940020114
8,7.1,28.3816019,40.13703796000001
9,7.1,28.381479625000004,40.13697509
10,7.1,28.38161241,40.136993649999994
11,7.1,28.38149013792105,40.13693077979886
12,7.1,28.381622925000002,40.13694934
13,,28.38131657207895,40.13704386020115
14,7.1,28.381194300000004,40.13698098999999
15,,28.38132708792105,40.13699954979886
16,7.1,28.381204815,40.136936680000005
17,,28.38133760207895,40.136955240201154
18,7.1,28.381215329999996,40.13689237
19,7.1,28.38094817792105,40.136900929798855
20,7.1,28.380958692078945,40.136856620201144
21,7.1,28.38109148,40.13687518
22,-1.8,28.381605472116988,40.13524578024534
23,-1.8,28.38159496,40.13529009
24,,28.38171723207896,40.135352960201146
25,-1.8,28.381584447883014,40.13533439975467
26,,28.38170671792105,40.135397269798865
27,-1.8,28.381573932116982,40.135378710245334
28,,28.381696205,40.135441580000006
29,,28.381643637921044,40.135663139798865
30,-1.8,28.38151085211699,40.13564458024534
31,-1.8,28.381500337767473,40.13568889211713
32,-1.8,28.38148982788284,40.13573320475461
33,,28.381612095350263,40.13579607687775
34,-1.8,28.381479314349487,40.1357775181283
35,,28.381601585,40.13584039
36,-1.8,28.3814688,40.13582183
37,,28.381591072078955,40.135884700201146
38,-1.8,28.38145828788301,40.13586613975466
39,-1.8,28.38144777211698,40.13591045024533
40,-1.8,28.38143726,40.135954760000004
41,,28.381559532078953,40.136017630201145
42,-1.8,28.381426745650515,40.1359990718717
43,-1.8,28.381416234349484,40.1360433881283
44,,28.38149645207895,40.136283500201145
45,-1.8,28.38136366565051,40.136264941871715
46,,28.381485940491928,40.13632781271995
47,-1.8,28.381353152117164,40.1363092552454
48,-1.8,28.381342642232532,40.136353567882864
49,-1.8,28.381332127883013,40.13639787975466
50,-1.8,28.38132161211698,40.13644219024534
51,,28.381380805,40.13677093
52,,28.381370292078955,40.136815240201145
53,7.1,28.381237505,40.13679668
54,7.1,28.381226990000002,40.136840989999996
55,-1.8,28.382055112116984,40.13512550024534
56,-1.8,28.3820446,40.135169809999994
57,-1.8,28.381911815,40.13515125
58,-1.8,28.38203409,40.13521412
59,-1.8,28.381901305,40.13519556
60,-1.8,28.382023575650514,40.135258431871705
61,-1.8,28.381890792079027,40.135239875201215
62,-1.8,28.382013064349497,40.135302748128304
63,-1.8,28.381880277921052,40.13528418979886
64,-1.8,28.38200255,40.13534706000001
65,-1.8,28.381869765,40.1353285
66,-1.8,28.38199203788301,40.13539136975465
67,-1.8,28.381859255,40.13537281
68,-1.8,28.381981522116988,40.13543568024533
69,-1.8,28.381848740000002,40.13541712000001
70,-1.8,28.38197101,40.13547998999999
71,-1.8,28.381838225,40.13546143000001
72,-1.8,28.38196049776747,40.13552430211714
73,-1.8,28.381827714999996,40.135505745
74,-1.8,28.381949987232424,40.13556861788291
75,-1.8,28.381817199999997,40.13555005999999
76,-1.8,28.38193947,40.135612929999986
77,-1.8,28.381806685000004,40.13559437
78,-1.8,28.381928959999993,40.13565723999999
79,-1.8,28.381796174999998,40.13563868000001
80,-1.8,28.38191844788302,40.13570154975465
81,-1.8,28.381785662078954,40.13568299020114
82,-1.8,28.381907932116988,40.13574586024534
83,-1.8,28.381775147921047,40.13572729979885
84,-1.8,28.381897417767473,40.13579017211713
85,-1.8,28.381764634999996,40.135771614999996
86,-1.8,28.38188690788284,40.135834484754604
87,-1.8,28.38175412207895,40.13581593020114
88,-1.8,28.38187639434949,40.1358787981283
89,-1.8,28.38174360792105,40.13586023979885
90,-1.8,28.381865880000003,40.13592311000001
91,-1.8,28.381733094999998,40.13590455000001
92,-1.8,28.38185537,40.13596742
93,-1.8,28.38172258207895,40.13594886020114
94,-1.8,28.381844855,40.13601173
95,-1.8,28.381712067921047,40.135993169798866
96,-1.8,28.381834340000005,40.13605603999999
97,-1.8,28.381701554999996,40.13603748
98,-1.8,28.381823827767473,40.13610035211714
99,-1.8,28.381691042079034,40.13608179520121
100,-1.8,28.381813317232425,40.13614466788292
101,-1.8,28.381680527921056,40.136126109798866
102,-1.8,28.3818028,40.13618898
103,-1.8,28.381670014999997,40.13617042
104,-1.8,28.381792289999996,40.13623329
105,-1.8,28.381659502078953,40.13621473020114
106,-1.8,28.381781775,40.13627759999999
107,-1.8,28.381648987921054,40.136259039798865
108,-1.8,28.381771259999997,40.13632191000001
109,-1.8,28.381638475000003,40.136303350000006
110,-1.8,28.381760747767473,40.13636622211713
111,-1.8,28.38162796207903,40.136347665201214
112,-1.8,28.381750237232428,40.13641053788292
113,-1.8,28.38161744792105,40.13639197979886
114,-1.8,28.381739719999995,40.13645485
115,-1.8,28.381606935,40.13643629
116,-1.8,28.381729210000003,40.13649916
117,-1.8,28.38159642207895,40.136480600201146
118,-1.8,28.381718695,40.13654347000001
119,-1.8,28.381585907921053,40.136524909798865
120,-1.8,28.381708179999997,40.136587780000006
121,-1.8,28.381575395,40.13656922
122,7.1,28.38169767000001,40.136632090000006
123,7.1,28.381687152767572,40.13667640211708
124,7.1,28.38167664223253,40.136720717882866
125,7.1,28.38166613,40.13676503000001
126,7.1,28.38153334207895,40.136746470201146
127,7.1,28.381655614999996,40.13680933999999
128,7.1,28.381522827921053,40.13679077979886
129,7.1,28.3816451,40.13685365
130,7.1,28.381512315000005,40.136835090000005
131,7.1,28.38163459,40.13689796
132,7.1,28.381501802078958,40.136879400201146
133,-1.8,28.381482680000005,40.135226030000005
134,-1.8,28.381349895000003,40.135207470000005
135,-1.8,28.381472165650507,40.13527034187171
136,-1.8,28.381339387570787,40.13525178292108
137,-1.8,28.381461654349494,40.1353146581283
138,-1.8,28.381328867429314,40.13529609707888
139,-1.8,28.38145114,40.13535897
140,-1.8,28.381318354999998,40.13534041
141,-1.8,28.381440627883016,40.13540327975467
142,-1.8,28.381307842078954,40.135384720201145
143,-1.8,28.381430112116988,40.135447590245334
144,-1.8,28.381377547883012,40.135669149754655
145,-1.8,28.38136703211698,40.13571346024534
146,-1.8,28.38135652,40.13575777
147,-1.8,28.381346007883014,40.13580207975467
148,-1.8,28.381335489884723,40.13584639236252
149,-1.8,28.38132498223252,40.13589070788286
150,-1.8,28.381314467883012,40.13593501975466
151,-1.8,28.38130395211699,40.13597933024534
152,7.1,28.381104195,40.13682125
153,7.1,28.38097140792105,40.136802689798856
154,-4.8,28.380953934999997,40.139190670000005
155,-4.8,28.38096445,40.13914635500001
156,-4.8,28.380974965,40.13910204
157,-4.8,28.380985479999996,40.139057730000005
158,-4.8,28.380995990000002,40.13901342
159,-4.8,28.381006505000002,40.138969110000005
160,-4.8,28.381017019999998,40.1389248
161,-4.8,28.38102753242913,40.13888048707888
162,-4.8,28.381038052570975,40.13883617292108
163,-4.8,28.381048560000004,40.13879186
164,-4.8,28.381181352883008,40.138810419754684
165,-4.8,28.381059075000007,40.13874755000001
166,-4.8,28.381191867116986,40.13876611024533
167,-4.8,28.38106959,40.13870323999999
168,-4.8,28.38108010207895,40.13865893020115
169,31.4,28.38109061792105,40.138614619798865
170,31.4,28.381101127429016,40.13857030707892
171,31.4,28.381111647570872,40.13852599292112
172,31.4,28.38112216,40.13848168
173,0.0,28.381132672078948,40.138437370201146
174,0.0,28.381143187921047,40.13839305979886
175,0.0,28.381153700000002,40.138348750000006
176,0.0,28.381164215,40.13830444
177,0.0,28.38129700723243,40.13832299788292
178,0.0,28.38117473,40.138260124999995
179,0.0,28.38130751776748,40.13827868211713
180,0.0,28.38118524207895,40.13821581020115
181,0.0,28.381195757921056,40.138171499798865
182,0.0,28.381206270000007,40.138127190000006
183,0.0,28.381216782078948,40.13808288020114
184,0.0,28.38122729792105,40.13803856979887
185,0.0,28.38123780950807,40.13799425728005
186,0.0,28.381248330491932,40.13794994271995
187,0.0,28.381258839999997,40.13790563
188,0.0,28.38139163,40.13792419000001
189,0.0,28.38126935207895,40.13786132020115
190,0.0,28.38140213999999,40.13787987999999
191,0.0,28.381279867921045,40.137817009798866
192,0.0,28.381412655000002,40.13783557
193,0.0,28.381290380000003,40.1377727
194,0.0,28.381300892078954,40.13772839020115
195,0.0,28.38131140792097,40.13768407479878
196,0.0,28.381321922078946,40.13763976020114
197,0.0,28.38133243792105,40.137595449798866
198,0.0,28.381507282232526,40.13743676788285
199,28.5,28.38138500207903,40.137373895201215
200,0.0,28.381517787767475,40.137392452117126
201,28.5,28.38139551792105,40.13732957979886
202,28.5,28.381416542078945,40.13724096020114
203,28.5,28.381427057921044,40.13719664979886
204,-4.8,28.38064757288301,40.13928518975467
205,-4.8,28.380658087116984,40.13924088024532
206,-4.8,28.380668599999996,40.139196569999996
207,-4.8,28.380679115,40.139152255000006
208,-4.8,28.380689629999996,40.13910794
209,-4.8,28.38070014288301,40.13906362975468
210,-4.8,28.380710657116985,40.13901932024532
211,,28.38084345,40.139037880000004
212,-4.8,28.380721172883007,40.13897500975468
213,-4.8,28.380731687116988,40.138930700245325
214,-4.8,28.3807422,40.138886389999996
215,-4.8,28.380752714999996,40.13884207500001
216,-4.8,28.380763229999996,40.13879776
217,,28.380896019999998,40.138816320000004
218,-4.8,28.380773742883008,40.13875344975468
219,,28.380906532078953,40.13877201020114
220,31.4,28.38078425711699,40.138709140245325
221,31.4,28.380794770000005,40.138664829999996
222,31.4,28.380805285000005,40.13862052
223,31.4,28.380815802232526,40.13857620788286
224,31.4,28.380826310650317,40.13853189187172
225,31.4,28.38083682711699,40.138487580245325
226,31.4,28.38084734288301,40.138443269754674
227,31.4,28.380857857116993,40.138398960245325
228,31.4,28.38086837,40.138354650000004
229,31.4,28.380878882883007,40.13831033975468
230,,28.381011672078955,40.138328900201145
231,31.4,28.380889399349687,40.13826602812827
232,0.0,28.380899910650317,40.138221711871715
233,0.0,28.38091042711699,40.13817740024532
234,0.0,28.380920940000006,40.13813309
235,0.0,28.380931455,40.138088780000004
236,0.0,28.380941970000002,40.13804447
237,0.0,28.38095248,40.138000160000004
238,0.0,28.380962997232427,40.13795584788292
239,0.0,28.38097350776748,40.13791153211714
240,0.0,28.380984024999997,40.137867220000004
241,,28.381116812078954,40.137885780201145
242,0.0,28.38099454,40.13782291
243,0.0,28.381005050000002,40.137778600000004
244,0.0,28.381015565,40.13773429
245,0.0,28.381026082232523,40.137689977882864
246,0.0,28.38103659065032,40.13764566187173
247,0.0,28.38104710711698,40.13760135024531
248,0.0,28.38105762,40.137557040000004
249,0.0,28.381068135,40.13751273
250,0.0,28.381078650000003,40.137468420000005
251,0.0,28.381089160000002,40.13742411
252,28.5,28.381099677232427,40.13737979788292
253,28.5,28.381110187767472,40.13733548211714
254,28.5,28.381120704999997,40.13729117
255,28.5,28.381131219999997,40.13724686
256,28.5,28.38114173,40.13720255
257,28.5,28.381152245000003,40.137158240000005
258,28.5,28.381162760000002,40.137113930000005
259,28.5,28.381173272232523,40.137069617882865
260,28.5,28.381183782767575,40.13702530211708
261,18.3,28.380390927921056,40.13924943979885
262,-4.8,28.380523717116986,40.139268000245316
263,18.3,28.38040143742902,40.13920512707893
264,-4.8,28.380534235115462,40.139223687637504
265,18.3,28.380411957570875,40.13916081292112
266,-4.8,28.380544744884546,40.1391793723625
267,18.3,28.380422470000003,40.1391165
268,-4.8,28.38055526288301,40.13913505975467
269,18.3,28.380432985000006,40.13907218999999
270,-4.8,28.380565777116992,40.13909075024531
271,18.3,28.3804435,40.13902788
272,-4.8,28.38057629,40.13904644
273,18.3,28.380454015,40.13898357
274,-4.8,28.380586805,40.139002129999994
275,18.3,28.380464529999998,40.13893926
276,-4.8,28.38059732,40.138957819999995
277,18.3,28.380475039508074,40.13889494728005
278,-4.8,28.380607835115462,40.1389135076375
279,18.3,28.380485560491927,40.138850632719944
280,-4.8,28.380618344884542,40.1388691923625
281,18.3,28.38049607,40.13880632
282,-4.8,28.38062886288301,40.13882487975468
283,18.3,28.380506585000003,40.13876201
284,31.4,28.38063937711699,40.13878057024532
285,18.3,28.380517099999995,40.1387177
286,31.4,28.380649890000004,40.13873626
287,31.4,28.380527614999995,40.138673389999994
288,31.4,28.380660405,40.138691949999995
289,31.4,28.38053813,40.138629079999994
290,31.4,28.380670920000004,40.13864764
291,31.4,28.38054863950807,40.13858476728005
292,31.4,28.380681435115463,40.138603327637504
293,31.4,28.380559160491924,40.138540452719944
294,31.4,28.380691944884546,40.1385590123625
295,31.4,28.38056967207895,40.13849614020114
296,31.4,28.38070246288301,40.13851469975468
297,31.4,28.380580187921048,40.13845182979885
298,31.4,28.38071297711699,40.13847039024532
299,31.4,28.380590699999996,40.13840752
300,31.4,28.380723490000005,40.13842608
301,31.4,28.380601215000002,40.138363209999994
302,31.4,28.380734005000004,40.13838177
303,31.4,28.380611730000002,40.13831890000001
304,31.4,28.38074452,40.13833746
305,31.4,28.38062223950807,40.138274587280044
306,31.4,28.38075503511546,40.1382931476375
307,31.4,28.380632760491928,40.138230272719944
308,31.4,28.380765544884532,40.13824883236249
309,31.4,28.380643272078945,40.13818596020115
310,31.4,28.38077606,40.13820452
311,31.4,28.38065378792105,40.138141649798854
312,31.4,28.380786575000005,40.138160209999995
313,31.4,28.380664300000003,40.138097339999995
314,0.0,28.38079709,40.1381159
315,31.4,28.380674812078947,40.13805303020114
316,0.0,28.38080760288301,40.138071589754674
317,0.0,28.380685325350267,40.13800871687775
318,0.0,28.38081811711699,40.13802728024532
319,0.0,28.380695844649733,40.13796440312225
320,0.0,28.38082863,40.137982965
321,0.0,28.380706357921046,40.137920089798854
322,0.0,28.380839145,40.13793865
323,0.0,28.380716869999997,40.13787578
324,0.0,28.380849660000003,40.137894339999995
325,0.0,28.38072738207895,40.13783147020114
326,0.0,28.380860172883008,40.137850029754674
327,0.0,28.380737897921055,40.137787159798854
328,0.0,28.380870687116992,40.13780572024532
329,0.0,28.38074841207895,40.137742850201136
330,0.0,28.380881199999997,40.137761409999996
331,0.0,28.380758925350268,40.13769853687776
332,0.0,28.380891717232426,40.13771709788292
333,0.0,28.380769442570976,40.13765422292107
334,0.0,28.380902227767475,40.137672782117136
335,0.0,28.380779952078946,40.13760991020114
336,0.0,28.38091274288301,40.137628469754674
337,0.0,28.380790467921045,40.13756559979886
338,0.0,28.380923257116986,40.137584160245325
339,0.0,28.380800982078952,40.137521290201136
340,0.0,28.38093377,40.137539849999996
341,0.0,28.380811497921048,40.13747697979886
342,0.0,28.380944285,40.13749554
343,0.0,28.380822012078944,40.137432670201136
344,0.0,28.3809548,40.137451229999996
345,28.5,28.380832522429216,40.137388357078926
346,0.0,28.380965312232526,40.13740691788286
347,28.5,28.380843040491932,40.137344042719945
348,28.5,28.380975822767574,40.13736260211708
349,28.5,28.38085355207895,40.13729973020114
350,28.5,28.38098634,40.137318289999996
351,28.5,28.380864067921053,40.13725541979886
352,28.5,28.380996854999996,40.137273979999996
353,28.5,28.380874580000004,40.137211109999996
354,28.5,28.381007370000003,40.137229669999996
355,28.5,28.380885092078945,40.13716680020114
356,28.5,28.381017880000005,40.137185360000004
357,28.5,28.380895607921047,40.137122489798855
358,28.5,28.381028395,40.137141050000004
359,28.5,28.380906119508072,40.13707817728005
360,28.5,28.38103891223253,40.137096737882864
361,28.5,28.38091664049193,40.137033862719946
362,28.5,28.38104942276757,40.13705242211709
363,28.5,28.380927149999994,40.13698955
364,28.5,28.38105994,40.13700810999999
365,28.5,28.38093766207895,40.13694524020114
366,28.5,28.381070450000003,40.136963800000004
367,28.5,28.381080965000006,40.13691949
368,18.3,28.380116107117058,40.13921102524541
369,18.3,28.38012662288301,40.139166709754676
370,18.3,28.380137137116993,40.13912240024533
371,,28.38026992792105,40.13914095979886
372,18.3,28.380147649999994,40.139078090000005
373,18.3,28.380158165000005,40.139033780000005
374,18.3,28.38016868,40.13898947
375,18.3,28.380179195000007,40.138945160000006
376,,28.380311985000002,40.13896372000001
377,18.3,28.380189710000003,40.138900845
378,,28.380322497429027,40.13891940707893
379,18.3,28.380200222883012,40.13885652975468
380,18.3,28.380210737116997,40.13881222024532
381,,28.380343530000005,40.13883078
382,18.3,28.380221252883008,40.138767909754684
383,,28.380354042078956,40.13878647020114
384,18.3,28.38023176711699,40.13872360024532
385,,28.380364557921048,40.13874215979885
386,18.3,28.380242282883007,40.138679289754684
387,,28.38037507207895,40.13869785020115
388,18.3,28.380252797116995,40.138634980245314
389,18.3,28.380263310000004,40.138590665
390,,28.380396097429024,40.13860922707893
391,18.3,28.380273824999996,40.13854635
392,,28.38040661757087,40.138564912921126
393,18.3,28.38028434,40.13850204000001
394,,28.38041713,40.1385206
395,31.4,28.380294854999995,40.13845773
396,,28.380427644999997,40.13847629
397,31.4,28.380305370000006,40.13841342
398,31.4,28.38031588288301,40.13836910975468
399,31.4,28.38032639711699,40.13832480024532
400,31.4,28.380336912882942,40.1382804847546
401,,28.38046969950808,40.13829904728005
402,31.4,28.380347427116988,40.13823617024532
403,,28.38048022049193,40.13825473271995
404,,28.380490729999998,40.13821042000001
405,31.4,28.380368455,40.13814755
406,,28.380501245000005,40.13816611
407,31.4,28.380378970000006,40.13810324000001
408,,28.380511760000005,40.1381218
409,,28.380522272078952,40.13807749020114
410,,28.38053278535027,40.138033176877755
411,,28.380543304649738,40.137988863122246
412,,28.380553817921044,40.13794454979885
413,-10.3,28.380641824999994,40.13699544999999
414,-10.3,28.38065234,40.136951139999994
415,,28.380785125000003,40.136969699999995
416,-10.3,28.38066285,40.136906829999994
417,,28.38079563792105,40.13692538979886
418,-10.3,28.380673365,40.13686252
419,18.3,28.380023797116987,40.13906090024532
420,18.3,28.38003431288301,40.139016589754675
421,18.3,28.380076372883007,40.13883933975468
422,18.3,28.380086887116992,40.13879503024531
423,18.3,28.380097399999997,40.13875072000001
424,-10.3,28.380374672078954,40.137004010201146
425,-10.3,28.38050746,40.13702257
426,-10.3,28.38038518792105,40.136959699798865
427,-10.3,28.380517975000004,40.13697826
428,-10.3,28.38039570207895,40.13691539020114
429,-10.3,28.38052849,40.13693395
430,-10.3,28.380406217921053,40.13687107979887
431,-10.3,28.380416729508067,40.13682676728005
432,-10.3,28.38024316207895,40.136939850201145
433,-10.3,28.38012089223253,40.136876977882864
434,-10.3,28.380253675350268,40.13689553687775
435,-10.3,28.380131402767574,40.13683266211708
436,-10.3,28.380264192078776,40.13685122520109
437,-10.3,28.38014192,40.13678835
438,-10.3,28.38027471049192,40.13680691271995
439,-10.3,28.380152435,40.136744039999996
440,-10.3,28.380285222078953,40.13676260020114
441,,28.381969542921052,40.134289479798845
442,26.9,28.381710602116986,40.13480266024534
443,26.9,28.381700087767477,40.13484697211713
444,,28.381822362079024,40.134909845201214
445,26.9,28.381689580115278,40.13489128763749
446,,28.38181184792105,40.134954159798866
447,26.9,28.381679065,40.134935600000006
448,26.9,28.381668552116988,40.134979910245335
449,26.9,28.381658040000005,40.135024220000005
450,26.9,28.38164752788301,40.13506852975466
451,26.9,28.38163700988472,40.13511284236252
452,26.9,28.3816265,40.135157155
453,26.9,28.381615990115275,40.13520146763749
454,26.9,28.381563417767467,40.135423022117145
455,7.6,28.381552910115275,40.13546733763749
456,7.6,28.38154239211698,40.13551165024534
457,7.6,28.38153188,40.135555960000005
458,7.6,28.381521367883018,40.13560026975466
459,7.6,28.38140572,40.136087700000004
460,7.6,28.38139520788302,40.13613200975466
461,7.6,28.381384692116992,40.13617632024534
462,7.6,28.381374179999998,40.13622063
463,28.5,28.3813111,40.136486500000004
464,28.5,28.381300585,40.13653081
465,28.5,28.381290067767466,40.13657512211714
466,28.5,28.381279562232525,40.136619437882864
467,28.5,28.381269045,40.13666375
468,28.5,28.381258529999997,40.136708060000004
469,28.5,28.381248019999997,40.136752369999996
470,26.9,28.382244342116984,40.13432789024533
471,26.9,28.38211156,40.134309329999994
472,26.9,28.382233829999997,40.134372199999994
473,26.9,28.382101044999995,40.13435363999999
474,26.9,28.38222331565051,40.1344165118717
475,26.9,28.382090535,40.134397955
476,26.9,28.382212807232335,40.13446082788286
477,26.9,28.382080025000004,40.13444227
478,26.9,28.38220229211698,40.134505140245345
479,26.9,28.38206951,40.13448658
480,26.9,28.382191779999996,40.134549449999994
481,26.9,28.382058994999998,40.13453088999999
482,26.9,28.382181267883016,40.13459375975466
483,26.9,28.382048484999995,40.1345752
484,26.9,28.382170755,40.13463807
485,26.9,28.382037975,40.13461951
486,26.9,28.382160239884726,40.13468238236252
487,26.9,28.38202746,40.134663825000004
488,26.9,28.382149729999995,40.13472669499999
489,26.9,28.382016945000004,40.13470814
490,26.9,28.382139220115278,40.13477100763748
491,26.9,28.382006434999997,40.13475245
492,26.9,28.382128702116987,40.13481532024534
493,26.9,28.381995919999998,40.13479676
494,26.9,28.382118190000003,40.134859629999994
495,26.9,28.381985405000002,40.13484107
496,26.9,28.382107677883013,40.134903939754665
497,26.9,28.381974895000003,40.13488538000001
498,26.9,28.382097162767664,40.13494825211712
499,26.9,28.381964385000003,40.134929695
500,26.9,28.38208665211716,40.1349925652454
501,26.9,28.38195387,40.13497400999999
502,26.9,28.382076142232528,40.13503687788286
503,26.9,28.381943355000004,40.13501832000001
504,26.9,28.382065627883012,40.13508118975465
505,26.9,28.381932845,40.13506263
506,26.9,28.381922330000005,40.13510694
507,28.5,28.38156488207896,40.136613530201146
508,28.5,28.381554367920977,40.13665784479879
509,28.5,28.381543855,40.136702160000006
510,7.6,28.38103303788302,40.13534630975467
511,7.6,28.38102252211699,40.13539062024533
512,7.6,28.38101201,40.13543493
513,7.6,28.381001497883013,40.13547923975466
514,,28.381113252429206,40.13558642707893
515,,28.38107119792105,40.13576366979887
516,7.6,28.380938412116986,40.135745110245345
517,,28.381060685,40.135807979999996
518,7.6,28.380927900000003,40.135789419999995
519,,28.381050174649733,40.13585229312224
520,7.6,28.380917385650505,40.135833731871706
521,,28.381039655350264,40.13589660687775
522,7.6,28.38090687434949,40.1358780481283
523,,28.381029145,40.135940919999996
524,7.6,28.380896359999994,40.135922359999995
525,,28.381018632078955,40.13598523020114
526,7.6,28.380885847883015,40.13596666975466
527,,28.381008117921045,40.13602953979885
528,7.6,28.38087533211699,40.13601098024533
529,,28.380997604999997,40.136073849999995
530,7.6,28.38086482,40.13605529
531,,28.380987092570678,40.13611816292112
532,7.6,28.38085430276757,40.13609960211708
533,,28.380976572429212,40.13616247707892
534,7.6,28.38084379223253,40.13614391788286
535,,28.380966062078954,40.13620679020115
536,7.6,28.380833277883017,40.136188229754666
537,,28.380955547921054,40.13625109979886
538,7.6,28.380822762116985,40.13623254024533
539,,28.380945035,40.136295409999995
540,-10.3,28.380812249999998,40.136276849999994
541,,28.380934522078952,40.136339720201136
542,-10.3,28.380801735000006,40.136321159999994
543,,28.38092400792105,40.136384029798855
544,-10.3,28.38079122,40.13636547
545,,28.38091349757079,40.13642834292107
546,-10.3,28.380780707767475,40.13640978211713
547,,28.380902979508075,40.13647265728006
548,-10.3,28.38077019723243,40.13645409788291
549,,28.380892467921054,40.13651696979886
550,-10.3,28.380759680000004,40.136498409999994
551,,28.380881952078955,40.13656128020114
552,-10.3,28.380749165000005,40.136542719999994
553,-10.3,28.380738649999998,40.13658703
554,-10.3,28.380728139999995,40.136631339999994
555,,28.38085041207895,40.136694210201135
556,-10.3,28.380717624999996,40.136675649999994
557,,28.380839900491925,40.13673852271994
558,-10.3,28.380707107767474,40.136719962117134
559,-10.3,28.380696600115275,40.13676427763748
560,26.9,28.381766532116988,40.13402962024534
561,26.9,28.38163375,40.13401106
562,26.9,28.381756020000005,40.13407393
563,26.9,28.381623235,40.13405537
564,26.9,28.381745507883007,40.13411823975466
565,26.9,28.381612725,40.13409968
566,26.9,28.381734989884727,40.13416255236252
567,26.9,28.381602212920974,40.13414399479878
568,26.9,28.38172448223253,40.13420686788286
569,26.9,28.381591697078953,40.134188310201154
570,26.9,28.38171396788302,40.13425117975466
571,26.9,28.381581184999998,40.134232620000006
572,26.9,28.381703455,40.13429549000001
573,26.9,28.381570675000003,40.13427693
574,26.9,28.381692942116985,40.13433980024535
575,26.9,28.381560159999996,40.13432124000001
576,26.9,28.381682427883018,40.13438410975466
577,26.9,28.381549644999996,40.13436555
578,26.9,28.381671912767658,40.13442842211713
579,26.9,28.381539135000004,40.13440986500001
580,26.9,28.381661404349483,40.13447273812831
581,26.9,28.381528619999997,40.13445418
582,26.9,28.38165089,40.13451705000001
583,26.9,28.381518105,40.13449848999999
584,26.9,28.381640377883016,40.13456135975467
585,26.9,28.38150759500001,40.1345428
586,26.9,28.381629862116984,40.134605670245335
587,26.9,28.38149708,40.13458711
588,26.9,28.38161935,40.13464998
589,26.9,28.381486565000003,40.134631420000005
590,26.9,28.381608835650514,40.1346942918717
591,26.9,28.38147605757079,40.134675732921075
592,26.9,28.38159832434949,40.1347386081283
593,26.9,28.38146553742932,40.13472004707888
594,26.9,28.381587809999996,40.134782920000006
595,26.9,28.381455024999998,40.13476436000001
596,26.9,28.38157729788301,40.13482722975466
597,26.9,28.381444515000002,40.13480867
598,26.9,28.381566785000004,40.134871540000006
599,26.9,28.381434002078958,40.13485298020114
600,26.9,28.381556272116985,40.13491585024534
601,26.9,28.38142348792105,40.13489728979886
602,26.9,28.38154576,40.134960160000006
603,26.9,28.381412975000003,40.134941600000005
604,26.9,28.381535245650515,40.1350044718717
605,26.9,28.381402465000004,40.134985915
606,26.9,28.381524734349487,40.135048788128294
607,26.9,28.381391950000005,40.13503023
608,26.9,28.381514220000003,40.135093100000006
609,26.9,28.381381435,40.13507454
610,26.9,28.38150370788301,40.13513740975466
611,26.9,28.381370924999995,40.13511885
612,26.9,28.381493192116988,40.13518172024535
613,26.9,28.38136041,40.135163160000005
614,7.6,28.38126578792097,40.13556196479879
615,7.6,28.381255275,40.135606280000005
616,7.6,28.38124476207895,40.13565059020114
617,7.6,28.381234247921054,40.13569489979886
618,7.6,28.381223735,40.135739210000004
619,7.6,28.38121322207895,40.13578352020115
620,7.6,28.381202710491927,40.135827832719954
621,7.6,28.381192192429214,40.13587214707893
622,7.6,28.381181682078953,40.135916460201145
623,7.6,28.381171167921053,40.135960769798864
624,7.6,28.381160655,40.136005080000004
625,7.6,28.381150140000003,40.13604939
626,7.6,28.381139624999996,40.136093699999996
627,7.6,28.381129112079027,40.136138015201205
628,7.6,28.381118597921045,40.13618232979886
629,7.6,28.381240870000003,40.1362452
630,7.6,28.381108085,40.13622664
631,28.5,28.381230360000004,40.13628951
632,7.6,28.381097572078954,40.13627095020114
633,28.5,28.381219844999997,40.13633382
634,28.5,28.381087057921054,40.136315259798856
635,28.5,28.381209329999994,40.13637813
636,28.5,28.381076545,40.136359569999996
637,28.5,28.381198819999998,40.136422440000004
638,28.5,28.38106603207895,40.13640388020115
639,28.5,28.381188305000002,40.136466755
640,28.5,28.381055517920974,40.136448194798795
641,28.5,28.38117779,40.13651107
642,28.5,28.381045004999997,40.13649251
643,28.5,28.381167277883016,40.13655537975466
644,28.5,28.381034492078953,40.136536820201144
645,28.5,28.381156762116987,40.13659969024534
646,28.5,28.38102397792105,40.136581129798856
647,28.5,28.381146250000004,40.136644
648,28.5,28.381013462078954,40.13662544020115
649,28.5,28.381135734999997,40.13668831
650,28.5,28.381002947921054,40.136669749798855
651,28.5,28.381125217767472,40.13673262211713
652,28.5,28.38099243757079,40.13671406292108
653,28.5,28.38111471223252,40.136776937882864
654,28.5,28.38098191950807,40.13675837728005
655,5.4,28.38092239207895,40.13932360020114
656,5.4,28.38093290792105,40.139279289798864
657,5.4,28.380943419999998,40.139234980000005
658,5.4,28.380357940000003,40.138191860000006
659,5.4,28.380389485000006,40.13805893
660,5.4,28.38040000223252,40.13801461788286
661,5.4,28.38041051065032,40.137970301871725
662,5.4,28.38042102711699,40.13792599024532
663,23.4,28.380431540000004,40.13788168
664,23.4,28.380442054999996,40.13783737
665,23.4,28.380452570000003,40.13779305999999
666,23.4,28.380463084999995,40.13774874999999
667,23.4,28.380473602232524,40.13770443788287
668,23.4,28.380484107767483,40.13766012211715
669,23.4,28.380494625000004,40.13761581
670,23.4,28.38050514,40.13757149999999
671,23.4,28.380515654999996,40.13752719
672,23.4,28.38052616999999,40.13748288
673,23.4,28.380536682883015,40.13743856975468
674,23.4,28.380547199349692,40.137394258128275
675,23.4,28.380557707767473,40.13734994211713
676,23.4,28.380568224999994,40.13730563
677,23.4,28.380578739999997,40.13726131999999
678,23.4,28.380589254999997,40.13721701
679,23.4,28.38059977,40.13717269999999
680,23.4,28.38061028,40.13712839
681,23.4,28.380620797232424,40.13708407788292
682,23.4,28.380631307767473,40.137039762117126
683,5.4,28.37999225288301,40.139193829754674
684,5.4,28.38000276711699,40.139149520245326
685,5.4,28.38001328288301,40.13910520975468
686,5.4,28.379891005350267,40.13904233687776
687,5.4,28.379901522078775,40.13899802520108
688,5.4,28.379912040491924,40.138953712719946
689,5.4,28.38004482711706,40.1389722752454
690,5.4,28.379922550000003,40.1389094
691,5.4,28.38005534288301,40.13892795975469
692,5.4,28.379933065000003,40.138865089999996
693,5.4,28.380065857116985,40.13888365024532
694,5.4,28.379943580000003,40.138820779999996
695,5.4,28.379954095000002,40.138776469999996
696,5.4,28.379964610000002,40.13873216
697,5.4,28.379975122429126,40.13868784707889
698,5.4,28.380107915,40.13870641
699,5.4,28.37998564257098,40.13864353292107
700,5.4,28.38011843,40.138662095
701,5.4,28.379996154999997,40.138599219999996
702,5.4,28.380128945000003,40.138617780000004
703,5.4,28.380006670000007,40.138554909999996
704,5.4,28.38013946,40.13857346999999
705,5.4,28.380017182078955,40.138510600201144
706,5.4,28.38014997288301,40.13852915975469
707,5.4,28.380027697921047,40.13846628979886
708,5.4,28.38016048711699,40.13848485024532
709,5.4,28.380038212078947,40.13842198020114
710,5.4,28.380171002883007,40.13844053975469
711,5.4,28.380048725350267,40.13837766687776
712,5.4,28.38018151711699,40.13839623024531
713,5.4,28.38005924464973,40.13833335312224
714,5.4,28.380192032882942,40.13835191475461
715,5.4,28.380069757921046,40.13828903979886
716,5.4,28.38020254711699,40.13830760024532
717,5.4,28.380080272078953,40.138244730201144
718,5.4,28.380213059999996,40.13826329
719,5.4,28.380090787921052,40.13820041979886
720,5.4,28.380223575000002,40.13821898000001
721,5.4,28.3801013,40.13815611
722,5.4,28.380234090000005,40.13817467
723,5.4,28.380111815000006,40.13811180000001
724,5.4,28.380244605,40.138130360000005
725,5.4,28.380122327429024,40.13806748707893
726,5.4,28.380255120000005,40.13808605
727,5.4,28.380132844649737,40.13802317312226
728,5.4,28.380265632882942,40.1380417347546
729,5.4,28.380143357921046,40.137978859798864
730,5.4,28.38027614711699,40.13799742024533
731,5.4,28.380153872078946,40.137934550201145
732,5.4,28.380286659999996,40.137953110000005
733,5.4,28.380164387921052,40.137890239798864
734,5.4,28.380297175000006,40.13790880000001
735,5.4,28.380174902078952,40.13784593020114
736,5.4,28.380307690000002,40.137864490000005
737,5.4,28.38018541792105,40.137801619798864
738,23.4,28.380318205000002,40.13782018
739,23.4,28.380195927429025,40.13775730707892
740,23.4,28.38032872,40.13777587
741,23.4,28.380206447570874,40.13771299292111
742,23.4,28.380339235,40.137731555
743,23.4,28.38021696,40.13766868000001
744,23.4,28.38034975,40.137687240000005
745,23.4,28.38022747207895,40.137624370201145
746,23.4,28.380360260000007,40.13764293
747,23.4,28.380237987921053,40.137580059798864
748,23.4,28.380370774999996,40.137598620000006
749,23.4,28.380248502078953,40.13753575020114
750,23.4,28.380381290000006,40.13755431
751,23.4,28.380259017921055,40.137491439798865
752,23.4,28.380391805000006,40.137510000000006
753,23.4,28.380269529508073,40.13744712728006
754,23.4,28.380402319999998,40.13746569
755,23.4,28.38028005049193,40.13740281271995
756,23.4,28.380412834999998,40.137421375
757,23.4,28.38029056,40.137358500000005
758,23.4,28.38042335,40.13737706
759,23.4,28.380301072078947,40.13731419020114
760,23.4,28.380433859999993,40.13733275
761,23.4,28.380444375000003,40.137288440000006
762,23.4,28.380454890000003,40.13724413
763,23.4,28.380465405000006,40.137199820000006
764,23.4,28.380475920000002,40.13715551
765,23.4,28.38048643,40.137111195
766,5.4,28.379616187116987,40.13900392024531
767,5.4,28.379748982570973,40.13902248292108
768,5.4,28.37962670288301,40.13895960975468
769,5.4,28.379759495000005,40.13897817000001
770,5.4,28.379637217116986,40.138915300245316
771,5.4,28.37977001,40.13893386
772,5.4,28.37964773288301,40.13887098975468
773,5.4,28.379780522078946,40.13888955020114
774,5.4,28.37965824711699,40.138826680245316
775,5.4,28.37979103792105,40.138845239798854
776,5.4,28.379668762883014,40.13878236975468
777,5.4,28.37980155207896,40.13880093020114
778,5.4,28.37967927711706,40.1387380552454
779,5.4,28.379812065350265,40.13875661687775
780,5.4,28.379689792883013,40.13869373975468
781,5.4,28.379822582078777,40.13871230520108
782,5.4,28.37970030711699,40.13864943024532
783,5.4,28.379833100491926,40.138667992719945
784,5.4,28.37971082288301,40.13860511975468
785,5.4,28.37984361207895,40.13862368020114
786,5.4,28.37972133711699,40.138560810245316
787,5.4,28.379854127921053,40.13857936979886
788,5.4,28.37973185288301,40.13851649975467
789,5.4,28.379864642078953,40.138535060201136
790,5.4,28.379742367116997,40.13847219024532
791,5.4,28.37987515792105,40.13849074979886
792,5.4,28.37975288,40.138427875
793,5.4,28.379885667429022,40.13844643707892
794,5.4,28.379763394999998,40.138383559999994
795,5.4,28.379896185000003,40.138402125
796,5.4,28.37977391,40.138339249999994
797,5.4,28.379906702570977,40.13835781292108
798,5.4,28.379784425,40.138294939999994
799,5.4,28.379917215,40.138313499999995
800,5.4,28.379794940000004,40.13825063
801,5.4,28.379927730000002,40.13826919
802,5.4,28.379805455000003,40.138206319999995
803,5.4,28.379938245000005,40.138224879999996
804,5.4,28.379815970000003,40.138162009999995
805,5.4,28.379948759999998,40.13818057
806,5.4,28.379826485,40.138117695
807,5.4,28.379959269508074,40.13813625728006
808,5.4,28.379837000000002,40.138073379999994
809,5.4,28.379969787921222,40.138091944798916
810,5.4,28.379847515000005,40.13802907
811,5.4,28.379980304649735,40.13804763312225
812,5.4,28.379858029999998,40.137984759999995
813,5.4,28.379990817921048,40.138003319798855
814,5.4,28.379868542883006,40.13794044975468
815,5.4,28.38000133207895,40.13795901020114
816,5.4,28.379879057116984,40.13789614024532
817,5.4,28.380011847921047,40.13791469979885
818,5.4,28.37988957288301,40.13785182975469
819,5.4,28.380022362078957,40.137870390201144
820,5.4,28.379900087117058,40.13780751524539
821,5.4,28.380032875350263,40.13782607687775
822,5.4,28.379910600000002,40.137763199999995
823,5.4,28.38004339,40.13778176499999
824,5.4,28.379921115000005,40.13771889
825,5.4,28.38005390464973,40.13773745312225
826,5.4,28.37993163,40.137674579999995
827,5.4,28.38006441792105,40.137693139798856
828,5.4,28.379942144999998,40.13763027
829,23.4,28.38007493207895,40.137648830201144
830,23.4,28.379952660000008,40.13758596
831,23.4,28.380085447921054,40.13760451979885
832,23.4,28.379963174999997,40.13754165
833,23.4,28.380095962078954,40.13756021020115
834,23.4,28.379973692232525,40.13749733788286
835,23.4,28.380106475350267,40.13751589687776
836,23.4,28.37998420276757,40.13745302211708
837,23.4,28.380116992078776,40.13747158520109
838,23.4,28.379994720000003,40.13740871
839,23.4,28.380127510491928,40.13742727271995
840,23.4,28.380005232883008,40.13736439975468
841,23.4,28.38013802207895,40.13738296020114
842,23.4,28.38001574711699,40.13732009024531
843,23.4,28.380148534999996,40.137338650000004
844,23.4,28.380026260000005,40.13727577999999
845,23.4,28.38015904792105,40.13729433979885
846,23.4,28.380036774999997,40.13723147
847,23.4,28.380169562078954,40.13725003020115
848,23.4,28.38004729223253,40.13718715788286
849,23.4,28.38018007535027,40.13720571687776
850,23.4,28.380057802767567,40.13714284211708
851,23.4,28.380190592078776,40.137161405201084
852,23.4,28.38006832,40.137098529999996
853,23.4,28.380201110491928,40.13711709271994
854,23.4,28.380078834999996,40.137054219999996
855,23.4,28.380211622078946,40.13707278020114
856,23.4,28.380089349999995,40.13700991
857,23.4,28.380222135,40.137028470000004
858,23.4,28.38009986,40.1369656
859,23.4,28.380232647921048,40.136984159798864
860,23.4,28.380110374999997,40.136921290000004
861,-6.5,28.38183675776747,40.13427092211714
862,-6.5,28.381826247882845,40.13431523475461
863,-6.5,28.381815734349495,40.1343595481283
864,-6.5,28.381805220000007,40.13440386000001
865,-6.5,28.381794707883014,40.13444816975466
866,-6.5,28.381784195,40.134492480000006
867,-6.5,28.381773682116986,40.13453679024534
868,-6.5,28.38176316776747,40.13458110211714
869,-6.5,28.38175266011528,40.13462541763749
870,-6.5,28.38174214211699,40.134669730245335
871,-6.5,28.381731629999997,40.134714040000006
872,-6.5,28.38172111788301,40.13475834975466
873,,28.381491732921045,40.13399120979885
874,-10.6,28.381358949999996,40.13397265
875,-10.6,28.381348437883016,40.13401695975466
876,-10.6,28.38133792276766,40.13406127211714
877,-10.6,28.38132741434949,40.13410558812831
878,-10.6,28.381316897883018,40.13414989975466
879,-10.6,28.381306385000002,40.134194210000004
880,-10.6,28.38129587211698,40.13423852024534
881,-10.6,28.38128535788301,40.13428282975467
882,-10.6,28.381274845000004,40.134327139999996
883,-10.6,28.381264329884722,40.13437145236251
884,-10.6,28.381253820115276,40.134415767637485
885,-10.6,28.381243305,40.13446008
886,-10.6,28.38123279211698,40.13450439024534
887,-10.6,28.38122227788302,40.13454869975465
888,-10.6,28.381211765,40.13459301
889,-10.6,28.381201249884718,40.1346373223625
890,-10.6,28.38119074011528,40.134681637637485
891,-10.6,28.381180224999998,40.13472595
892,-10.6,28.38116971211699,40.13477026024533
893,-10.6,28.38115919788301,40.13481456975467
894,-10.6,28.381148685000003,40.134858879999996
895,-10.6,28.381138172116987,40.13490319024534
896,-10.6,28.381127655650513,40.13494750187169
897,-10.6,28.38111714434949,40.1349918181283
898,-10.6,28.381106629999994,40.135036129999996
899,-10.6,28.381096117883015,40.13508043975466
900,-10.6,28.381085602116983,40.13512475024534
901,-10.6,28.381075089999992,40.13516906
902,-10.6,28.381064575650512,40.13521337187169
903,-10.6,28.381054064349495,40.1352576881283
904,-10.6,28.38104355,40.13530199999999
905,-10.6,28.380990979884718,40.135523552362514
906,-10.6,28.380980472232533,40.13556786788286
907,-10.6,28.380969954999994,40.135612179999995
908,-10.6,28.380959439999998,40.13565649
909,-10.6,28.38094892788301,40.13570079975466
910,14.1,28.38105518288301,40.139342159754676
911,14.1,28.381065697116995,40.13929785024533
912,14.1,28.381076212883013,40.13925353975468
913,14.1,28.381086729349686,40.13920922812828
914,14.1,28.381097237767474,40.13916491211713
915,14.1,28.381107755000002,40.139120600000005
916,14.1,28.381118270000005,40.139076290000006
917,14.1,28.38112878288301,40.13903197975468
918,14.1,28.381139297116988,40.13898767024532
919,14.1,28.381149810000004,40.13894336
920,14.1,28.381160327232433,40.13889904788292
921,14.1,28.381170837767474,40.138854732117146
922,14.1,28.381202379999998,40.1387218
923,14.1,28.381212892883013,40.13867748975469
924,14.1,28.38122340934968,40.13863317812827
925,14.1,28.38123392288284,40.138588864754624
926,14.1,28.381244434884536,40.138544552362504
927,14.1,28.38125495,40.13850024
928,14.1,28.38126546288301,40.13845592975469
929,14.1,28.381275977116985,40.13841162024532
930,14.1,28.38128649000001,40.13836731000001
931,14.1,28.38131803288301,40.13823436975469
932,14.1,28.381328547116997,40.13819006024532
933,14.1,28.381339060000006,40.13814575
934,14.1,28.381349572883007,40.13810143975468
935,14.1,28.38136008711699,40.13805713024532
936,14.1,28.381370602232526,40.13801281788287
937,14.1,28.38138111276757,40.13796850211709
938,14.1,28.381423169999998,40.13779126
939,14.1,28.38143368511546,40.13774694763751
940,14.1,28.381444194884548,40.137702632362505
941,14.1,28.38145471,40.13765832
942,14.1,28.381465224999996,40.13761401
943,14.1,28.381342950000004,40.13755114
944,14.1,28.38147574,40.1375697
945,14.1,28.38135346207895,40.13750683020115
946,14.1,28.38148625,40.13752539
947,14.1,28.381363977921044,40.13746251979886
948,14.1,28.381496765,40.13748108000001
949,14.1,28.38137449,40.13741821000001
950,14.1,28.381528304999996,40.13734813999999
951,14.1,28.381406030000004,40.13728527
952,14.1,28.381538820000003,40.13730383
953,14.1,28.38154933,40.13725951999999
954,,28.38024889742902,40.13922958707893
955,14.1,28.380683879999996,40.13681821
956,14.1,28.379859462078954,40.139175270201136
957,14.1,28.379869977921054,40.13913095979887
958,14.1,28.379880492078954,40.13908665020114
959,14.1,28.380311587921053,40.13726987979887
960,14.1,28.380322102078946,40.137225570201146
961,14.1,28.380332617921056,40.137181259798865
962,14.1,28.380343129508077,40.137136947280055
963,14.1,28.38035364757079,40.137092632921075
964,14.1,28.38036415792105,40.137048319798865
965,14.1,28.380496945,40.137066880000006
966,14.1,28.380539004999996,40.13688964
967,14.1,28.380549522232528,40.13684532788287
968,14.1,28.380427247570786,40.13678245292108
969,14.1,28.380560027767466,40.13680101211713
970,14.1,28.37958464288301,40.13913685975468
971,14.1,28.379717435,40.13915542
972,14.1,28.379595157116984,40.13909255024532
973,14.1,28.37972795,40.13911111000001
974,14.1,28.37960567288295,40.13904823475461
975,14.1,28.379738462429124,40.13906679707888
976,14.1,28.381297327921047,40.13542902979886
977,14.1,28.3814196,40.135491900000005
978,14.1,28.381286815000003,40.135473340000004
979,14.1,28.381409087883018,40.13553620975466
980,14.1,28.381276302078952,40.135517650201145
981,14.1,28.38139856988472,40.13558052236251
982,14.1,28.381388062232528,40.135624837882865
983,14.1,28.381293439999997,40.136023640000005
984,14.1,28.381282925,40.13606795
985,14.1,28.381272410000005,40.13611226
986,14.1,28.381261897767473,40.13615657211714
987,14.1,28.381251387232428,40.136200887882914
988,,28.380780365,40.13930375
989,,28.38079088,40.139259440000004
990,,28.38080139,40.13921513
991,,28.380811902429123,40.139170817078885
992,,28.380822422570976,40.13912650292108
993,,28.380832934999997,40.139082189999996
994,,28.380853962078955,40.138993570201144
995,,28.38086447792105,40.13894925979886
996,,28.38087499,40.13890495
997,,28.380885505,40.138860635
998,,28.380917047921045,40.13872769979886
999,,28.38092756,40.13868339
1000,,28.380938075000003,40.138639080000004
1001,,28.380948587429025,40.138594767078935
1002,,28.380959104649733,40.13855045312224
1003,,28.380969617921053,40.13850613979886
1004,,28.38098013207895,40.138461830201145
1005,,28.38099064792105,40.138417519798864
1006,,28.381001159999997,40.13837321
1007,,28.381022185350268,40.13828458687775
1008,,28.381032704649737,40.13824027312225
1009,,28.38104321792105,40.138195959798864
1010,,28.38105373,40.13815165
1011,,28.381064242078953,40.138107340201145
1012,,28.38107475792105,40.13806302979885
1013,,28.381085269999996,40.13801872000001
1014,,28.381095785,40.137974405
1015,,28.381106300000003,40.13793009
1016,,28.381127327921053,40.13784146979886
1017,,28.38113784,40.137797160000005
1018,,28.381148352078952,40.137752850201146
1019,,28.381158865350272,40.13770853687775
1020,,28.38116938464973,40.13766422312224
1021,,28.381179897921054,40.13761990979886
1022,,28.381190410000002,40.137575600000005
1023,,28.381200922078953,40.137531290201146
1024,,28.381211437921046,40.137486979798865
1025,,28.38122195,40.13744267
1026,,28.381232459508077,40.137398357280055
1027,,28.381242980491923,40.137354042719956
1028,,28.381253492078958,40.137309730201146
1029,,28.381264005,40.13726542
1030,,28.381274517921046,40.13722110979885
1031,,28.381285032078953,40.13717680020115
1032,,28.38129554792105,40.13713248979886
1033,,28.381306059999996,40.13708817500001
1034,,28.381348115,40.136910930000006
1035,,28.380259414649736,40.13918527312225
1036,,28.38028044,40.13909665
1037,,28.380290955000003,40.139052340000006
1038,,28.38030147,40.13900803
1039,,28.380333017570866,40.13887509292112
1040,,28.38038558792105,40.13865353979886
1041,,28.38043816,40.13843198
1042,,28.38044867207896,40.13838767020114
1043,,28.380459187921048,40.13834335979886
1044,,28.380564329999995,40.13790024
1045,,28.38057484207895,40.13785593020114
1046,,28.380585357921053,40.13781161979885
1047,,28.38059587207895,40.13776731020114
1048,,28.380606385350276,40.137722996877756
1049,,28.380616902570974,40.13767868292108
1050,,28.380627412078958,40.13763437020114
1051,,28.380637927921047,40.13759005979885
1052,,28.380648442078957,40.13754575020115
1053,,28.38065895792105,40.13750143979886
1054,,28.380669472078957,40.137457130201135
1055,,28.38067998535027,40.13741281687775
1056,,28.380690502570975,40.13736850292107
1057,,28.380701012078955,40.13732419020115
1058,,28.380711527921047,40.137279879798854
1059,,28.380722042078954,40.13723557020114
1060,,28.380732554999998,40.137191259999994
1061,,28.380743067921046,40.13714694979886
1062,,28.38075357950807,40.137102637280044
1063,,28.38076410049193,40.13705832271995
1064,,28.380774612078948,40.13701401020114
1065,,28.380806152078954,40.13688108020114
1066,,28.380816667921046,40.136836769798855
1067,,28.381959027078953,40.134333790201154
1068,,28.381948514999998,40.134378105
1069,,28.381938005,40.13442242
1070,,28.381927490000002,40.13446672999999
1071,,28.381916975000006,40.13451104000001
1072,,28.381906464999997,40.13455535
1073,,28.381895955,40.134599660000006
1074,,28.38188543999999,40.134643974999996
1075,,28.381874924999995,40.13468829
1076,,28.381864415000003,40.13473260000001
1077,,28.3818539,40.13477691000001
1078,,28.381843385,40.134821220000006
1079,,28.381832875,40.13486553
1080,,28.381801335,40.13499846999999
1081,,28.381790825,40.135042780000006
1082,,28.381780310000003,40.13508709
1083,,28.381769795,40.135131400000006
1084,,28.381759285000005,40.135175710000006
1085,,28.381748770000005,40.135220025
1086,,28.381738254999995,40.13526434
1087,,28.381727744999996,40.13530865
1088,,28.38168569207903,40.135485895201214
1089,,28.381675177921046,40.13553020979885
1090,,28.381664665000002,40.13557452
1091,,28.381654152078955,40.135618830201146
1092,,28.381633125,40.13570745
1093,,28.38162261464973,40.13575176312225
1094,,28.381580557921055,40.13592900979886
1095,,28.381570045,40.135973320000005
1096,,28.38154901792097,40.13606194479878
1097,,28.381538505,40.136106260000005
1098,,28.38152799207895,40.136150570201146
1099,,28.381517477921044,40.13619487979886
1100,,28.381506965000007,40.136239190000005
1101,,28.38147542242921,40.13637212707893
1102,,28.381464912078954,40.13641644020115
1103,,28.381454397921054,40.13646074979886
1104,,28.381443885,40.136505060000005
1105,,28.381433372078956,40.136549370201145
1106,,28.381422857921045,40.13659367979886
1107,,28.381412345000005,40.136637995
1108,,28.381401832078954,40.136682310201145
1109,,28.38139131792105,40.13672661979887
1110,,28.38135977792105,40.13685954979886
1111,,28.38148121707895,40.13403552020116
1112,,28.381470705,40.134079830000005
1113,,28.381460195000006,40.134124145
1114,,28.381449679999992,40.13416846
1115,,28.381439164999996,40.13421277
1116,,28.381428655,40.13425708
1117,,28.381418140000005,40.134301390000005
1118,,28.381407625,40.13434569999999
1119,,28.381397117570792,40.134390012921074
1120,,28.381386597429316,40.13443432707888
1121,,28.381376085000003,40.13447864
1122,,28.381365575,40.134522950000004
1123,,28.381355059999997,40.134567260000004
1124,,28.381344544999997,40.13461157
1125,,28.381334035000002,40.134655880000004
1126,,28.381323520000002,40.134700195
1127,,28.381313005,40.13474451000001
1128,,28.381302495,40.13478882
1129,,28.38129198,40.134833130000004
1130,,28.381281465,40.13487744
1131,,28.381270955,40.13492175000001
1132,,28.38126044464973,40.13496606312224
1133,,28.381249925350264,40.13501037687775
1134,,28.381239414999996,40.135054690000004
1135,,28.38122890207895,40.13509900020114
1136,,28.381218387921052,40.135143309798856
1137,,28.381207875,40.13518762
1138,,28.381197362078954,40.135231930201144
1139,,28.38118684792097,40.13527624479879
1140,,28.381176335,40.135320560000004
1141,,28.381165819999996,40.13536487
1142,,28.381155305000004,40.13540917999999
1143,,28.381144794999997,40.13545349
1144,,28.381134279999994,40.135497799999996
1145,,28.381123767570788,40.13554211292108
1146,,28.381102740000003,40.135630739999996
1147,,28.381092225,40.13567505
1148,,28.381081712078952,40.135719360201136
1149,,28.380871437921048,40.136605589798855
1150,,28.380860924999997,40.136649899999995
1151,,28.38082937950807,40.136782837280045
